face
0.0949999999999998 0.53 0.03
0.0949999999999998 0.53 0.0
0.095 1.35 0.0
0.0949999999999998 1.35 0.03
0.0949999999999998 0.56 0.03
0.0949999999999998 0.56 0.06
0.0949999999999998 0.552235428646924 0.0589777747886721
0.0949999999999998 0.545 0.0559807621135332
0.0949999999999998 0.538786796564404 0.0512132034355964
0.0949999999999998 0.534019237886467 0.045
0.0949999999999998 0.531022225211328 0.0377645713530756
normal
1.0 0.0 0.0
spine
0.0949999999999998 0.53 0.0
0.0649999999999999 0.53 0.0
