face
0.0510222252113279 0.645 0.0277645713530755
0.05 0.645 0.0199999999999999
0.08 0.645 0.02
0.11 0.645 0.0200000000000002
0.108977774788672 0.645 0.0277645713530758
0.105980762113533 0.645 0.0350000000000001
0.101213203435596 0.645 0.0412132034355965
0.0949999999999999 0.645 0.0459807621135332
0.0877645713530755 0.645 0.0489777747886721
0.0799999999999998 0.645 0.05
0.0722354286469242 0.645 0.048977774788672
0.0649999999999999 0.645 0.0459807621135331
0.0587867965644035 0.645 0.0412132034355964
0.0540192378864668 0.645 0.0349999999999999
normal
0.0 -1.0 0.0
spine
0.08 0.645 0.02
0.08 1.35 0.02
0.08 1.4 0.02
