face
0.716314003682517 0.891576916113173 -0.0696453832733847
0.715241748012182 0.890754145399312 -0.0800000000000002
0.716314003682517 0.891576916113173 -0.0903546167266154
0.719460249842172 0.893991115702301 -0.100011415083128
0.724472284902363 0.897836985468683 -0.10831562667121
0.73101485412952 0.902857275407401 -0.114698167168035
0.738644792509767 0.908711933043181 -0.118716168944825
0.746839560914019 0.915000000000001 -0.120087778702577
0.755034329318272 0.921288066956821 -0.118716168944825
0.762664267698518 0.927142724592601 -0.114698167168035
0.769206836925676 0.932163014531319 -0.10831562667121
0.774218871985867 0.936008884297701 -0.100011415083127
0.777365118145521 0.938423083886829 -0.0903546167266157
0.778437373815856 0.93924585460069 -0.0800000000000001
0.777365118145521 0.938423083886829 -0.0696453832733846
0.774218871985867 0.936008884297701 -0.0599885849168728
0.769206836925676 0.932163014531319 -0.0516843733287905
0.762664267698518 0.927142724592601 -0.0453018328319648
0.755034329318272 0.921288066956821 -0.0412838310551754
0.746839560914019 0.915000000000001 -0.0399122212974231
0.738644792509766 0.908711933043181 -0.0412838310551753
0.73101485412952 0.902857275407401 -0.0453018328319648
0.724472284902363 0.897836985468683 -0.0516843733287905
0.719460249842171 0.893991115702301 -0.0599885849168729
normal
0.608761429008723 -0.793353340291234 0.0
spine
0.746839560914019 0.915000000000001 -0.0800000000000001
0.624472221513642 1.07447222151364 -0.0800000000000001
0.465 1.19683956091402 -0.0800000000000001
0.279290664728941 1.27376288624258 -0.0800000000000001
0.079999999999999 1.3 -0.0800000000000001
-0.119290664728942 1.27376288624258 -0.0800000000000001
-0.305000000000001 1.19683956091402 -0.0800000000000001
-0.464472221513644 1.07447222151364 -0.0800000000000001
-0.58683956091402 0.915000000000001 -0.0800000000000001
