face
0.12 0.599282032302755 -0.46
0.136568542494924 0.586568542494924 -0.46
0.149282032302755 0.57 -0.46
0.157274066103126 0.550705523608202 -0.46
0.16 0.53 -0.46
0.157274066103126 0.509294476391798 -0.46
0.149282032302755 0.49 -0.46
0.136568542494924 0.473431457505076 -0.46
0.12 0.460717967697245 -0.46
0.100705523608202 0.452725933896875 -0.46
0.08 0.45 -0.46
0.0592944763917983 0.452725933896875 -0.46
0.04 0.460717967697245 -0.46
0.0234314575050762 0.473431457505076 -0.46
0.0107179676972449 0.49 -0.46
0.00272593389687453 0.509294476391798 -0.46
0.0 0.53 -0.46
0.00272593389687454 0.550705523608202 -0.46
0.0107179676972449 0.57 -0.46
0.0234314575050762 0.586568542494924 -0.46
0.04 0.599282032302755 -0.46
0.0592944763917983 0.607274066103126 -0.46
0.08 0.61 -0.46
0.100705523608202 0.607274066103126 -0.46
normal
0.0 0.0 -1.0
spine
0.08 0.53 -0.46
0.08 0.53 -0.16
