face
0.08 1.39776457135308 -0.0810222252113281
0.08 1.405 -0.084019237886467
0.08 1.4112132034356 -0.0887867965644037
0.08 1.41598076211353 -0.0950000000000001
0.08 1.41897777478867 -0.102235428646925
0.08 1.42 -0.11
0.08 1.41897777478867 -0.117764571353076
0.08 1.41598076211353 -0.125
0.08 1.4112132034356 -0.131213203435597
0.08 1.405 -0.135980762113533
0.08 1.39776457135308 -0.138977774788672
0.08 1.39 -0.14
0.08 1.38223542864692 -0.138977774788672
0.08 1.375 -0.135980762113533
0.08 1.3687867965644 -0.131213203435597
0.08 1.36401923788647 -0.125
0.08 1.36102222521133 -0.117764571353076
0.08 1.36 -0.11
0.08 1.36102222521133 -0.102235428646925
0.08 1.36401923788647 -0.0950000000000001
0.08 1.3687867965644 -0.0887867965644037
0.08 1.375 -0.084019237886467
0.08 1.38223542864692 -0.0810222252113281
0.08 1.39 -0.0800000000000001
normal
-1.0 0.0 0.0
spine
0.08 1.39 -0.11
0.0 1.39 -0.11
-0.0232937140592269 1.39306667563399 -0.11
-0.0450000000000001 1.4020577136594 -0.11
-0.0636396103067893 1.41636038969321 -0.11
-0.0779422863405995 1.435 -0.11
-0.0869333243660161 1.45670628594077 -0.11
-0.09 1.48 -0.11
-0.0869333243660162 1.50329371405923 -0.11
-0.0779422863405995 1.525 -0.11
-0.0636396103067893 1.54363961030679 -0.11
-0.0450000000000001 1.5579422863406 -0.11
-0.023293714059227 1.56693332436602 -0.11
0.0 1.57 -0.11
0.16 1.57 -0.11
0.183293714059227 1.56693332436602 -0.11
0.205 1.5579422863406 -0.11
0.223639610306789 1.54363961030679 -0.11
0.237942286340599 1.525 -0.11
0.246933324366016 1.50329371405923 -0.11
0.25 1.48 -0.11
0.246933324366016 1.45670628594077 -0.11
0.237942286340599 1.435 -0.11
0.223639610306789 1.41636038969321 -0.11
0.205 1.4020577136594 -0.11
0.183293714059227 1.39306667563398 -0.11
0.16 1.39 -0.11
0.08 1.39 -0.11
