face
-0.529137849492211 1.00196512616507 -0.0800000000000001
-0.52848077579206 1.00274819610782 -0.0722354286469245
-0.526554333178407 1.00504404101357 -0.0650000000000002
-0.523489805531776 1.00869620284605 -0.0587867965644037
-0.519496035346913 1.01345579281185 -0.054019237886467
-0.514845191461899 1.01899845272041 -0.0510222252113281
-0.509854221201615 1.02494645945864 -0.0500000000000001
-0.504863250941331 1.03089446619686 -0.0510222252113281
-0.500212407056317 1.03643712610542 -0.054019237886467
-0.496218636871454 1.04119671607123 -0.0587867965644037
-0.493154109224822 1.0448488779037 -0.0650000000000002
-0.49122766661117 1.04714472280945 -0.0722354286469245
-0.490570592911019 1.04792779275221 -0.0800000000000001
-0.49122766661117 1.04714472280945 -0.0877645713530757
-0.493154109224822 1.0448488779037 -0.095
-0.496218636871454 1.04119671607123 -0.101213203435596
-0.500212407056317 1.03643712610542 -0.105980762113533
-0.504863250941331 1.03089446619686 -0.108977774788672
-0.509854221201615 1.02494645945864 -0.11
-0.514845191461899 1.01899845272041 -0.108977774788672
-0.519496035346913 1.01345579281185 -0.105980762113533
-0.523489805531776 1.00869620284605 -0.101213203435596
-0.526554333178407 1.00504404101357 -0.0950000000000001
-0.52848077579206 1.00274819610782 -0.0877645713530757
normal
-0.766044443118978 0.642787609686539 0.0
spine
-0.509854221201615 1.02494645945864 -0.0800000000000001
0.0799999999999998 0.53 -0.0800000000000001
