face
0.68848077579206 1.00274819610782 -0.0722354286469245
0.689137849492211 1.00196512616507 -0.0800000000000001
0.68848077579206 1.00274819610782 -0.0877645713530757
0.686554333178407 1.00504404101357 -0.0950000000000001
0.683489805531776 1.00869620284605 -0.101213203435596
0.679496035346913 1.01345579281185 -0.105980762113533
0.674845191461899 1.01899845272041 -0.108977774788672
0.669854221201615 1.02494645945864 -0.11
0.664863250941331 1.03089446619686 -0.108977774788672
0.660212407056316 1.03643712610542 -0.105980762113533
0.656218636871453 1.04119671607123 -0.101213203435596
0.653154109224822 1.0448488779037 -0.095
0.651227666611169 1.04714472280945 -0.0877645713530757
0.650570592911018 1.04792779275221 -0.0800000000000001
0.651227666611169 1.04714472280945 -0.0722354286469245
0.653154109224822 1.0448488779037 -0.0650000000000002
0.656218636871453 1.04119671607123 -0.0587867965644037
0.660212407056316 1.03643712610542 -0.054019237886467
0.664863250941331 1.03089446619686 -0.0510222252113281
0.669854221201615 1.02494645945864 -0.0500000000000001
0.674845191461899 1.01899845272041 -0.0510222252113281
0.679496035346913 1.01345579281185 -0.054019237886467
0.683489805531776 1.00869620284605 -0.0587867965644037
0.686554333178407 1.00504404101357 -0.0650000000000002
normal
0.766044443118978 0.642787609686539 0.0
spine
0.669854221201615 1.02494645945864 -0.0800000000000001
0.0799999999999998 0.53 -0.0800000000000001
